11.492063
10.860000
9.6999998
5.5300001
5.3200002
11.140000
11.380000
3.3000000
2.9200000
1.3927286
1.6362509
1.8797731
2.1232956
2.3668177
2.6103399
2.8538624
3.0973845
3.3409070
3.5844292
3.8279514
4.0714735
4.3149960
4.5585182
4.8020407
5.0455628
5.2890850
5.5326075
5.7761296
6.0196525
6.2631746
6.5066968
6.7502190
6.9937411
7.2372640
7.4807861
7.7243083
7.9678304
8.2113526
8.4548754
8.6983976
8.9419197
9.1854419
9.4289641
9.6724869
9.9160091
10.159531
10.403053
10.646576
10.890098
11.133621
11.377143
